1e-05 3.033970130369565e-05
1.0843659686896109e-05 3.159444455036464e-05
1.1758495540521557e-05 3.4205432697831384e-05
1.2750512407130129e-05 3.702723599019464e-05
1.3826221737646564e-05 4.007600904287756e-05
1.4992684327860471e-05 4.336899162638019e-05
1.6257556664437934e-05 4.6924553714688955e-05
1.762914118095948e-05 5.0762236739387845e-05
1.9116440753857038e-05 5.490279018260935e-05
2.0729217795953697e-05 5.936820060981063e-05
2.2478058335487252e-05 6.41817120339283e-05
2.4374441501222216e-05 6.936783499611465e-05
2.643081486974103e-05 7.495234117982363e-05
2.8660676169482503e-05 8.096224037501543e-05
3.107866187782014e-05 8.742573650977192e-05
3.370064329271925e-05 9.437215753393957e-05
3.654383070957255e-05 0.00010183185473522371
3.962688638701478e-05 0.00010983606576076
4.297004704320844e-05 0.00011841673476453707
4.6595256686646775e-05 0.00012760628305841237
5.0526310653356795e-05 0.00013743732192494917
5.478901179593945e-05 0.00014794229986136997
5.94113398496504e-05 0.00015915307443492566
6.44236350872137e-05 0.0001711003995126248
6.985879746785249e-05 0.00018381331781824883
7.57525025877192e-05 0.00019731844885484406
8.214343584919422e-05 0.000211639161847188
8.90735463861044e-05 0.00022679462504981984
9.658832241158708e-05 0.00024279872343413444
0.00010473708979594497 0.0002596588386154508
0.00011357333583431052 0.0002773744885473661
0.00012315506032928262 0.0002959358282339508
0.00013354515629298989 0.0003153220183662597
0.0001448118227674533 0.00033549947539768255
0.00015702901247293774 0.0003564200266197304
0.00017027691722258995 0.0003780190031932307
0.00018464249428955425 0.00040021331747652766
0.00020022003718155845 0.00042289958572894193
0.00021711179456945052 0.0004459523738518101
0.00023542864143224178 0.0004692226603992822
0.00025529080682395165 0.0004925366306878232
0.00027682866303920667 0.000515694932317956
0.0003001835813575589 0.0005384725376131883
0.00032550885998350565 0.0005606193699634332
0.00035297073027306503 0.0005818618543429466
0.00038274944785163153 0.0006019055466310874
0.00041504047578504725 0.0006204389777764163
0.00045005576757004977 0.0006371388130332889
0.0004880251583654434 0.0006516763731667652
0.0005291978735958442 0.0006637254898720357
0.0005738441648302393 0.0006729715733371222
0.0006222570836730231 0.0006791216594166372
0.0006747544053110693 0.0006819150809604935
0.0007316807143427193 0.0006811342892518724
0.0007934096665797492 0.0006766152450268237
0.000860346441668451 0.0006682567269251649
0.0009329304026284687 0.000656027892020461
0.001011637979766207 0.0006399734746764807
0.001096985797892384 0.0006202161544450746
0.0011895340673703195 0.0005969558472571634
0.001289890261253308 0.0005704659677405743
0.0013987131026472386 0.0005410870339943585
0.0015167168884709225 0.0005092182808397183
0.0016446761779946644 0.0004753081459085706
0.0017834308769319094 0.0004398445187661082
0.0019338917504552302 0.0004033454592047292
0.002097046401323233 0.00036635068140356
0.0022739657523579274 0.00032941354444915305
0.002465811075822604 0.0002930927063005129
0.0026738416158399465 0.00025794218571206784
0.002899422853882875 0.00022449852487227417
0.0031440354715915 0.0001932641918358513
0.003409285069746811 0.0001646873149354633
0.0036969127071950283 0.00013913914284557904
0.004008806328898464 0.00011689193657105079
0.004347013158125022 9.810091707151969e-05
0.004713753134116724 8.279402932487301e-05
0.005111433483440166 7.087245950287979e-05
0.005542664520663107 6.21231404380751e-05
0.006010276782070382 5.624229093825761e-05
0.00651733960488242 5.286691907713248e-05
0.0070671812739274914 5.1609742854452634e-05
0.007663410868007455 5.209252917381946e-05
0.008309941949353396 5.3973502105009175e-05
0.009011018251665018 5.696598377369355e-05
0.009771241535346501 6.0847360643379034e-05
0.010595601792776159 6.545928893331165e-05
0.011489510001873086 7.070135829678748e-05
0.012458833642950081 7.65210022706242e-05
0.013509935211980266 8.290230431384771e-05
0.014649713983072863 8.98557046014048e-05
0.015885651294280528 9.740975352201531e-05
0.017225859653987857 0.00010560526168035267
0.01867913599020783 0.00011449162543897273
0.020255019392306665 0.0001241248283747609
0.02196385372416547 0.00013456656986932103
0.023816855519761582 0.0001458840675496731
0.02582618760682675 0.00015815022483423036
0.02800503894183631 0.0001714439838593762
0.030367711180354574 0.00018585077336297218
0.03292971255097151 0.00020146301372392372
0.03570785964900463 0.0002183806673201616
0.038720387818125535 0.00023671183018336706
0.0419870708444391 0.0002565733670252257
0.04552935074866948 0.0002780915912552473
0.049370478528390035 0.0003014029921217798
0.053535666774107246 0.0003266550121026057
0.05805225516094896 0.00035400687582409773
0.06294988990221888 0.0003836304737347973
0.06826071834272386 0.0004157113020539782
0.07401959996915644 0.0004504494610415577
0.08026433522257174 0.00048806071347939906
0.08703591361485166 0.0005287776044582415
0.09437878277775381 0.0005728506436923908
0.10234114021054527 0.0006205495508169179
0.11097524964120721 0.0006721645636531548
0.12033778407775905 0.0007280078085898367
0.13049019780144017 0.000788414731772491
0.1414991297434576 0.0008537455887136502
0.15343684089300133 0.0009243869891264467
0.16638168860761274 0.001000753492377271
0.18041864093920718 0.0010832892480578948
0.19563983435170648 0.0011724696753390162
0.21214517849106276 0.0012688031727492444
0.23004301197729168 0.0013728328493556319
0.24945081352303167 0.0014851382678386926
0.27049597304631373 0.0016063371877095278
0.29331662783900425 0.0017370872981388175
0.3180625692794119 0.0018780879286168783
0.34489622604057596 0.00203008172782404
0.3739937302478794 0.0021938563009626932
0.4055460735840828 0.0023702458011882754
0.4397603609302721 0.002560132473604426
0.47686116977144744 0.002764448157137167
0.5170920242896755 0.0029841757594795126
0.5607169938205459 0.0032203507300465617
0.6080224261649427 0.0034740625714562157
0.6593188271333542 0.0037464564470894857
0.7149428986597577 0.00403873496323115
0.7752597488629465 0.004352160227426793
0.8406652885618316 0.004688056311991318
0.9115888299750818 0.005047812278078823
0.9884959046625587 0.005432885944671284
1.0718913192051287 0.005844808611158214
1.162322468679852 0.006285190962472598
1.2603829296797273 0.006755730395880732
1.3667163564620073 0.007258220004544569
1.482020705798857 0.0077945594288735265
1.6070528182616384 0.008366767737399528
1.7426333860096508 0.008976998418816606
1.8896523396912077 0.00962755645134905
2.0490746898158463 0.010320917264607488
2.2219468609395236 0.011059747225985461
2.409403560239527 0.011846925074308956
2.6126752255633265 0.012685563509748476
2.833096101839324 0.013579029950832933
3.0721129988617593 0.014530965325832312
3.33129478793467 0.015545299711618554
3.6123426997094303 0.016626263716389644
3.9171014908092605 0.017778394756518878
4.247571552536894 0.01900653782630002
4.605922041145104 0.02031584099378847
4.99450511585514 0.021711746633130247
5.415871378079476 0.023199980230828032
5.872786613189477 0.02478653933867747
6.3682499447185865 0.02647768572578002
6.905513520162331 0.028279943829787157
7.488103857590015 0.030200108100643774
8.119844993184008 0.03224526073556433
8.804883581643464 0.03442279972881579
9.547716114208066 0.03674047536924263
10.353218432956616 0.03920643169821858
11.226677735108137 0.04182924842267255
12.17382727739662 0.04461797870558826
13.200884008314167 0.04758217925675012
14.314589375234785 0.05073193103464746
15.52225357427048 0.05407785116268826
16.83180353330955 0.05763109869791094
18.251834943190424 0.06140337805339868
19.791668678535572 0.06540694383187429
21.461411978584056 0.06965460965346892
23.272024789604075 0.07415976173528804
25.23539170434766 0.07893637616926696
27.36439997074672 0.08399903764166083
29.673024081888666 0.08936295701514041
32.176417502507356 0.09504398565039196
34.891012134067736 0.10105862519591824
37.83462617131925 0.10742403239315479
41.0265810582719 0.11415801894658273
44.487828311275855 0.12127904665867106
48.241087041653735 0.12880621798034042
52.31099308056258 0.13675926208512124
56.72426068491978 0.14515851666863
61.50985788580504 0.1540249059071499
66.69919663030115 0.16337991528209272
72.32633896483533 0.17324556417821668
78.42822061337682 0.1836443772122891
85.04489341802686 0.19459935510916182
92.21978823334322 0.2061339455971165
100.0 0.21204910198538662
